Sample	Chromosome	Start	End	Num_Probes	Segment_Mean
DRAWS_p_Sty11_Mapping250K_Sty_A01_66524	1	742429	6398273	556	0.0109732151031494
DRAWS_p_Sty11_Mapping250K_Sty_A01_66524	1	6424383	8651565	205	-0.182023704051971
DRAWS_p_Sty11_Mapping250K_Sty_A01_66524	1	8663988	8936579	19	0.285046458244324
DRAWS_p_Sty11_Mapping250K_Sty_A01_66524	1	8949978	19968875	1096	-0.216760993003845
DRAWS_p_Sty11_Mapping250K_Sty_A01_66524	1	20001532	23308125	378	0.095556139945984
DRAWS_p_Sty11_Mapping250K_Sty_A01_66524	1	23318038	32957223	777	-0.220309913158417
DRAWS_p_Sty11_Mapping250K_Sty_A01_66524	1	33005810	33096723	5	-0.657043278217316
DRAWS_p_Sty11_Mapping250K_Sty_A01_66524	1	33098759	44765301	1184	-0.205783128738403
DRAWS_p_Sty11_Mapping250K_Sty_A01_66524	1	44770377	44770377	1	-2.09160375595093
DRAWS_p_Sty11_Mapping250K_Sty_A01_66524	1	44771051	44771051	1	0.891634464263916
DRAWS_p_Sty11_Mapping250K_Sty_A01_66524	1	44788867	48056742	296	-0.181621968746185
DRAWS_p_Sty11_Mapping250K_Sty_A01_66524	1	48058355	51610325	243	0.124199628829956
DRAWS_p_Sty11_Mapping250K_Sty_A01_66524	1	51782791	77278805	2505	-0.145854234695435
DRAWS_p_Sty11_Mapping250K_Sty_A01_66524	1	77279618	77281339	3	0.800809860229492
DRAWS_p_Sty11_Mapping250K_Sty_A01_66524	1	77317331	84099802	508	-0.0925835371017456
DRAWS_p_Sty11_Mapping250K_Sty_A01_66524	1	84104961	84517195	36	0.521425426006317
DRAWS_p_Sty11_Mapping250K_Sty_A01_66524	1	84517687	94363527	875	-0.122621476650238
DRAWS_p_Sty11_Mapping250K_Sty_A01_66524	1	94370182	94730966	35	0.487130522727966
DRAWS_p_Sty11_Mapping250K_Sty_A01_66524	1	94794748	103514336	692	-0.102939039468765
DRAWS_p_Sty11_Mapping250K_Sty_A01_66524	1	103514567	107696599	154	-0.563626527786255
DRAWS_p_Sty11_Mapping250K_Sty_A01_66524	1	107727573	145279761	1468	-0.155136525630951
DRAWS_p_Sty11_Mapping250K_Sty_A01_66524	1	145287950	145287960	2	-1.13061887025833
DRAWS_p_Sty11_Mapping250K_Sty_A01_66524	1	145321460	148693033	85	-0.128844022750854
DRAWS_p_Sty11_Mapping250K_Sty_A01_66524	1	148722478	148936576	9	0.463772416114807
DRAWS_p_Sty11_Mapping250K_Sty_A01_66524	1	148994018	163918561	1560	-0.102278351783752
DRAWS_p_Sty11_Mapping250K_Sty_A01_66524	1	163921475	163921493	2	0.786579251289368
DRAWS_p_Sty11_Mapping250K_Sty_A01_66524	1	163933072	184671023	2090	-0.0915257036685944
DRAWS_p_Sty11_Mapping250K_Sty_A01_66524	1	184722746	184722959	2	-6.16299486160278
DRAWS_p_Sty11_Mapping250K_Sty_A01_66524	1	184732519	199124397	767	0.263788938522339
DRAWS_p_Sty11_Mapping250K_Sty_A01_66524	1	199137839	200294282	197	0.0366964340209961
DRAWS_p_Sty11_Mapping250K_Sty_A01_66524	1	200298858	200672294	45	0.300437808036804
DRAWS_p_Sty11_Mapping250K_Sty_A01_66524	1	200695483	201596270	125	-0.00207620859146118
DRAWS_p_Sty11_Mapping250K_Sty_A01_66524	1	201597343	203315239	241	0.509747505187988
DRAWS_p_Sty11_Mapping250K_Sty_A01_66524	1	203319773	210575628	761	0.330536246299744
DRAWS_p_Sty11_Mapping250K_Sty_A01_66524	1	210592636	215251266	488	0.666491270065308
DRAWS_p_Sty11_Mapping250K_Sty_A01_66524	1	215266356	215991112	79	0.387090682983398
DRAWS_p_Sty11_Mapping250K_Sty_A01_66524	1	216017217	221661593	497	0.873764276504517
DRAWS_p_Sty11_Mapping250K_Sty_A01_66524	1	221677656	233142787	1248	0.0864081978797913
DRAWS_p_Sty11_Mapping250K_Sty_A01_66524	1	233142922	240369980	638	0.318410336971283
DRAWS_p_Sty11_Mapping250K_Sty_A01_66524	1	240373727	247135059	465	0.545682787895203
DRAWS_p_Sty11_Mapping250K_Sty_A01_66524	2	2994	3771940	380	-0.123833417892456
DRAWS_p_Sty11_Mapping250K_Sty_A01_66524	2	3772571	3772771	2	-2.34476447105408
DRAWS_p_Sty11_Mapping250K_Sty_A01_66524	2	3790591	37910455	3477	-0.0750683546066284
DRAWS_p_Sty11_Mapping250K_Sty_A01_66524	2	37918098	62667670	2240	0.252664506435394
DRAWS_p_Sty11_Mapping250K_Sty_A01_66524	2	62676395	63650722	24	0.617272853851318
DRAWS_p_Sty11_Mapping250K_Sty_A01_66524	2	63694617	89820789	1990	-0.0330916941165924
DRAWS_p_Sty11_Mapping250K_Sty_A01_66524	2	94722526	95698124	14	0.789310097694397
DRAWS_p_Sty11_Mapping250K_Sty_A01_66524	2	95743856	103839175	593	0.106839537620544
DRAWS_p_Sty11_Mapping250K_Sty_A01_66524	2	104001357	104315343	11	0.94391906261444
DRAWS_p_Sty11_Mapping250K_Sty_A01_66524	2	104316535	106042475	209	0.342085003852844
DRAWS_p_Sty11_Mapping250K_Sty_A01_66524	2	106045187	115124647	643	0.149809956550598
DRAWS_p_Sty11_Mapping250K_Sty_A01_66524	2	115188560	133636432	1583	-0.125697553157806
DRAWS_p_Sty11_Mapping250K_Sty_A01_66524	2	133649932	133650312	2	2.12273395061493
DRAWS_p_Sty11_Mapping250K_Sty_A01_66524	2	133667131	137312015	324	-0.170859336853027
DRAWS_p_Sty11_Mapping250K_Sty_A01_66524	2	137318808	152915010	973	-0.0594947338104248
DRAWS_p_Sty11_Mapping250K_Sty_A01_66524	2	152934045	153022450	8	-0.647913783788681
DRAWS_p_Sty11_Mapping250K_Sty_A01_66524	2	153032878	165948264	775	-0.0167096853256226
DRAWS_p_Sty11_Mapping250K_Sty_A01_66524	2	165967223	166632718	35	0.557933568954468
DRAWS_p_Sty11_Mapping250K_Sty_A01_66524	2	166633217	177073200	872	-0.0683719515800476
DRAWS_p_Sty11_Mapping250K_Sty_A01_66524	2	177073258	177092418	3	-0.764635503292084
DRAWS_p_Sty11_Mapping250K_Sty_A01_66524	2	177098699	242663303	5024	-0.0487917065620422
DRAWS_p_Sty11_Mapping250K_Sty_A01_66524	3	41866	9287565	1275	-0.0778195261955261
DRAWS_p_Sty11_Mapping250K_Sty_A01_66524	3	9293416	9404959	11	0.429466366767883
DRAWS_p_Sty11_Mapping250K_Sty_A01_66524	3	9451070	9691403	13	-0.157785177230835
DRAWS_p_Sty11_Mapping250K_Sty_A01_66524	3	9702640	10062638	27	0.493485450744629
DRAWS_p_Sty11_Mapping250K_Sty_A01_66524	3	10108710	37562448	2417	-0.091913104057312
DRAWS_p_Sty11_Mapping250K_Sty_A01_66524	3	37567527	37730648	26	0.432183682918549
DRAWS_p_Sty11_Mapping250K_Sty_A01_66524	3	37748433	39776189	218	-0.138665527105331
DRAWS_p_Sty11_Mapping250K_Sty_A01_66524	3	39797169	41292808	125	0.630128383636475
DRAWS_p_Sty11_Mapping250K_Sty_A01_66524	3	41329514	45564415	440	-0.565741121768951
DRAWS_p_Sty11_Mapping250K_Sty_A01_66524	3	45571449	45573103	2	-1.46754723787308
DRAWS_p_Sty11_Mapping250K_Sty_A01_66524	3	45580790	52582328	422	-0.561713010072708
DRAWS_p_Sty11_Mapping250K_Sty_A01_66524	3	52616162	52624130	2	-5.86172842979431
DRAWS_p_Sty11_Mapping250K_Sty_A01_66524	3	52643678	67247793	1628	-0.538547575473785
DRAWS_p_Sty11_Mapping250K_Sty_A01_66524	3	67259375	67259464	2	-3.78460168838501
DRAWS_p_Sty11_Mapping250K_Sty_A01_66524	3	67264657	85235677	1175	-0.507729768753052
DRAWS_p_Sty11_Mapping250K_Sty_A01_66524	3	85366772	90191897	227	0.300280809402466
DRAWS_p_Sty11_Mapping250K_Sty_A01_66524	3	90308136	96093730	39	0.73771333694458
DRAWS_p_Sty11_Mapping250K_Sty_A01_66524	3	96302925	136430552	3030	0.195711612701416
DRAWS_p_Sty11_Mapping250K_Sty_A01_66524	3	136432049	171377037	2352	0.418901860713959
DRAWS_p_Sty11_Mapping250K_Sty_A01_66524	3	171461346	174904007	260	0.635145723819733
DRAWS_p_Sty11_Mapping250K_Sty_A01_66524	3	174911431	188970220	929	0.348616719245911
DRAWS_p_Sty11_Mapping250K_Sty_A01_66524	3	188976871	199284641	793	0.435167551040649
DRAWS_p_Sty11_Mapping250K_Sty_A01_66524	4	26568	7372011	711	-0.227941632270813
DRAWS_p_Sty11_Mapping250K_Sty_A01_66524	4	7380568	7380568	1	-6.09822750091553
DRAWS_p_Sty11_Mapping250K_Sty_A01_66524	4	7385325	7385325	1	-1.88368463516235
DRAWS_p_Sty11_Mapping250K_Sty_A01_66524	4	7392595	14426194	910	-0.157991677522659
DRAWS_p_Sty11_Mapping250K_Sty_A01_66524	4	14435738	15274904	111	0.433164119720459
DRAWS_p_Sty11_Mapping250K_Sty_A01_66524	4	15301859	53306659	2643	-0.11754322052002
DRAWS_p_Sty11_Mapping250K_Sty_A01_66524	4	53336881	57775930	423	0.509767174720764
DRAWS_p_Sty11_Mapping250K_Sty_A01_66524	4	57804878	60322654	169	0.747339010238647
DRAWS_p_Sty11_Mapping250K_Sty_A01_66524	4	60384398	63386746	162	-0.500974625349045
DRAWS_p_Sty11_Mapping250K_Sty_A01_66524	4	63467307	65744751	111	0.862560987472534
DRAWS_p_Sty11_Mapping250K_Sty_A01_66524	4	65849171	90253709	1733	-0.502537965774536
DRAWS_p_Sty11_Mapping250K_Sty_A01_66524	4	90280498	92514491	142	-0.299559742212296
DRAWS_p_Sty11_Mapping250K_Sty_A01_66524	4	92537545	92537545	1	-6.11982107162476
DRAWS_p_Sty11_Mapping250K_Sty_A01_66524	4	92539047	92584339	4	-3.76370072364807
DRAWS_p_Sty11_Mapping250K_Sty_A01_66524	4	92592745	92600117	5	-5.43269538879395
DRAWS_p_Sty11_Mapping250K_Sty_A01_66524	4	92611175	92794402	7	-4.15494251251221
DRAWS_p_Sty11_Mapping250K_Sty_A01_66524	4	92794524	92794524	1	-0.825496971607208
DRAWS_p_Sty11_Mapping250K_Sty_A01_66524	4	92910261	92910261	1	-4.06600999832153
DRAWS_p_Sty11_Mapping250K_Sty_A01_66524	4	92915691	92915691	1	-7.69210290908813
DRAWS_p_Sty11_Mapping250K_Sty_A01_66524	4	92989894	93074991	4	-2.4642995595932
DRAWS_p_Sty11_Mapping250K_Sty_A01_66524	4	93125815	114208775	1166	-0.555078208446503
DRAWS_p_Sty11_Mapping250K_Sty_A01_66524	4	114225095	114233089	2	-1.55913871526718
DRAWS_p_Sty11_Mapping250K_Sty_A01_66524	4	114233147	169481301	3375	-0.55507218837738
DRAWS_p_Sty11_Mapping250K_Sty_A01_66524	4	169489751	169489878	2	-2.9645060300827
DRAWS_p_Sty11_Mapping250K_Sty_A01_66524	4	169515667	191012638	1572	-0.585382699966431
DRAWS_p_Sty11_Mapping250K_Sty_A01_66524	5	165712	28534740	2581	0.607606172561646
DRAWS_p_Sty11_Mapping250K_Sty_A01_66524	5	28541568	28629675	5	1.26379108428955
DRAWS_p_Sty11_Mapping250K_Sty_A01_66524	5	28678983	32445940	313	0.555548310279846
DRAWS_p_Sty11_Mapping250K_Sty_A01_66524	5	32448249	41681940	890	0.12898063659668
DRAWS_p_Sty11_Mapping250K_Sty_A01_66524	5	41710414	115552819	4854	0.217876613140106
DRAWS_p_Sty11_Mapping250K_Sty_A01_66524	5	115560964	115561306	2	-2.48416113853455
DRAWS_p_Sty11_Mapping250K_Sty_A01_66524	5	115569176	118973988	309	0.181176424026489
DRAWS_p_Sty11_Mapping250K_Sty_A01_66524	5	118988022	118989273	2	-5.13723063468933
DRAWS_p_Sty11_Mapping250K_Sty_A01_66524	5	118992036	128972867	716	0.233129024505615
DRAWS_p_Sty11_Mapping250K_Sty_A01_66524	5	128989963	128997514	2	-1.6140673160553
DRAWS_p_Sty11_Mapping250K_Sty_A01_66524	5	129002141	152531056	2303	0.170454025268555
DRAWS_p_Sty11_Mapping250K_Sty_A01_66524	5	152531316	163631534	1158	0.36822634935379
DRAWS_p_Sty11_Mapping250K_Sty_A01_66524	5	163679913	174701404	1301	0.526241779327393
DRAWS_p_Sty11_Mapping250K_Sty_A01_66524	5	174701452	174710190	3	-0.521839559078217
DRAWS_p_Sty11_Mapping250K_Sty_A01_66524	5	174721574	180624927	450	0.442980885505676
DRAWS_p_Sty11_Mapping250K_Sty_A01_66524	6	110391	516463	46	-0.210318148136139
DRAWS_p_Sty11_Mapping250K_Sty_A01_66524	6	583345	824853	38	-1.62495100498199
DRAWS_p_Sty11_Mapping250K_Sty_A01_66524	6	835950	10661279	1263	-0.186276614665985
DRAWS_p_Sty11_Mapping250K_Sty_A01_66524	6	10674064	25014626	1448	0.0761845111846924
DRAWS_p_Sty11_Mapping250K_Sty_A01_66524	6	25027094	29832180	406	-0.666648238897324
DRAWS_p_Sty11_Mapping250K_Sty_A01_66524	6	29832410	29832410	1	1.48937010765076
DRAWS_p_Sty11_Mapping250K_Sty_A01_66524	6	29833274	29833274	1	-2.38993287086487
DRAWS_p_Sty11_Mapping250K_Sty_A01_66524	6	29833300	29949000	43	-0.71851533651352
DRAWS_p_Sty11_Mapping250K_Sty_A01_66524	6	29979615	30006876	8	0.119629174470901
DRAWS_p_Sty11_Mapping250K_Sty_A01_66524	6	30015940	30096621	22	-0.798529326915741
DRAWS_p_Sty11_Mapping250K_Sty_A01_66524	6	30108259	31314958	219	0.360488653182983
DRAWS_p_Sty11_Mapping250K_Sty_A01_66524	6	31316319	31747736	82	0.690728545188904
DRAWS_p_Sty11_Mapping250K_Sty_A01_66524	6	31762711	36127314	469	0.13770866394043
DRAWS_p_Sty11_Mapping250K_Sty_A01_66524	6	36165946	37921261	215	-0.177453696727753
DRAWS_p_Sty11_Mapping250K_Sty_A01_66524	6	37990758	41303418	453	0.389346361160278
DRAWS_p_Sty11_Mapping250K_Sty_A01_66524	6	41305012	52171461	902	0.219589412212372
DRAWS_p_Sty11_Mapping250K_Sty_A01_66524	6	52202015	52642037	59	0.499697685241699
DRAWS_p_Sty11_Mapping250K_Sty_A01_66524	6	52651585	54776183	192	-0.146586328744888
DRAWS_p_Sty11_Mapping250K_Sty_A01_66524	6	54809644	55370554	26	-1.15725338459015
DRAWS_p_Sty11_Mapping250K_Sty_A01_66524	6	55388261	55533346	21	-0.553954362869263
DRAWS_p_Sty11_Mapping250K_Sty_A01_66524	6	55566203	57319766	91	-1.15412092208862
DRAWS_p_Sty11_Mapping250K_Sty_A01_66524	6	57334141	58147198	24	0.324092745780945
DRAWS_p_Sty11_Mapping250K_Sty_A01_66524	6	58254013	58882675	15	-0.90187120437622
DRAWS_p_Sty11_Mapping250K_Sty_A01_66524	6	58885344	77471874	951	0.200371980667114
DRAWS_p_Sty11_Mapping250K_Sty_A01_66524	6	77497537	77497537	1	-3.48942399024963
DRAWS_p_Sty11_Mapping250K_Sty_A01_66524	6	77497656	77497656	1	-1.26404213905334
DRAWS_p_Sty11_Mapping250K_Sty_A01_66524	6	77526970	111695986	2389	0.170918822288513
DRAWS_p_Sty11_Mapping250K_Sty_A01_66524	6	111696448	111705347	2	-0.666203528642654
DRAWS_p_Sty11_Mapping250K_Sty_A01_66524	6	111721479	130068136	1188	0.202744722366333
DRAWS_p_Sty11_Mapping250K_Sty_A01_66524	6	130071532	130358252	30	0.891137540340424
DRAWS_p_Sty11_Mapping250K_Sty_A01_66524	6	130387528	136951357	555	0.171311616897583
DRAWS_p_Sty11_Mapping250K_Sty_A01_66524	6	136961645	136961671	2	-1.26672071218491
DRAWS_p_Sty11_Mapping250K_Sty_A01_66524	6	136981181	167144035	2749	0.154177308082581
DRAWS_p_Sty11_Mapping250K_Sty_A01_66524	6	167144536	170747902	410	0.275944709777832
DRAWS_p_Sty11_Mapping250K_Sty_A01_66524	7	145340	5846784	481	-0.21929395198822
DRAWS_p_Sty11_Mapping250K_Sty_A01_66524	7	5850048	5851852	2	-2.70825612545013
DRAWS_p_Sty11_Mapping250K_Sty_A01_66524	7	5894482	16379150	781	-0.0859246850013733
DRAWS_p_Sty11_Mapping250K_Sty_A01_66524	7	16379765	16380006	2	-1.72900605201721
DRAWS_p_Sty11_Mapping250K_Sty_A01_66524	7	16424109	43467840	2791	-0.102412939071655
DRAWS_p_Sty11_Mapping250K_Sty_A01_66524	7	43501782	61483741	1235	0.653139591217041
DRAWS_p_Sty11_Mapping250K_Sty_A01_66524	7	61718176	69040697	450	-0.63715398311615
DRAWS_p_Sty11_Mapping250K_Sty_A01_66524	7	69053215	69202211	7	-1.5547833442688
DRAWS_p_Sty11_Mapping250K_Sty_A01_66524	7	69218189	75844750	364	-0.65520828962326
DRAWS_p_Sty11_Mapping250K_Sty_A01_66524	7	75845745	91669085	988	-0.475694596767426
DRAWS_p_Sty11_Mapping250K_Sty_A01_66524	7	91688825	91816878	4	-1.45927858352661
DRAWS_p_Sty11_Mapping250K_Sty_A01_66524	7	91867238	96959989	304	-0.46208980679512
DRAWS_p_Sty11_Mapping250K_Sty_A01_66524	7	97018553	116400403	1104	-0.60043340921402
DRAWS_p_Sty11_Mapping250K_Sty_A01_66524	7	116421765	124957183	445	-0.109485328197479
DRAWS_p_Sty11_Mapping250K_Sty_A01_66524	7	125000198	136769909	1064	-0.632935166358948
DRAWS_p_Sty11_Mapping250K_Sty_A01_66524	7	136772491	143908690	558	-0.153860449790955
DRAWS_p_Sty11_Mapping250K_Sty_A01_66524	7	143908703	158819393	1300	-0.64352798461914
DRAWS_p_Sty11_Mapping250K_Sty_A01_66524	8	189547	13760895	1807	-0.664819300174713
DRAWS_p_Sty11_Mapping250K_Sty_A01_66524	8	13770755	13771100	2	-1.67253863811493
DRAWS_p_Sty11_Mapping250K_Sty_A01_66524	8	13771278	36403452	2490	-0.605078130960464
DRAWS_p_Sty11_Mapping250K_Sty_A01_66524	8	36431886	43248834	506	-0.214130103588104
DRAWS_p_Sty11_Mapping250K_Sty_A01_66524	8	43330188	43330188	1	-1.61695444583893
DRAWS_p_Sty11_Mapping250K_Sty_A01_66524	8	43334397	43347778	2	1.00279897451401
DRAWS_p_Sty11_Mapping250K_Sty_A01_66524	8	43362114	43782832	5	-0.324966967105865
DRAWS_p_Sty11_Mapping250K_Sty_A01_66524	8	47064078	61791127	1091	0.562525510787964
DRAWS_p_Sty11_Mapping250K_Sty_A01_66524	8	61798545	70377926	552	0.702721118927002
DRAWS_p_Sty11_Mapping250K_Sty_A01_66524	8	70382579	97434912	1727	0.553837776184082
DRAWS_p_Sty11_Mapping250K_Sty_A01_66524	8	97435182	98315830	76	0.802127838134766
DRAWS_p_Sty11_Mapping250K_Sty_A01_66524	8	98333370	102494126	309	0.478511333465576
DRAWS_p_Sty11_Mapping250K_Sty_A01_66524	8	102519442	114902287	797	1.03519153594971
DRAWS_p_Sty11_Mapping250K_Sty_A01_66524	8	114902356	128686794	1299	0.848791599273682
DRAWS_p_Sty11_Mapping250K_Sty_A01_66524	8	128694439	128694439	1	-0.721688389778137
DRAWS_p_Sty11_Mapping250K_Sty_A01_66524	8	128694571	128694571	1	2.86136698722839
DRAWS_p_Sty11_Mapping250K_Sty_A01_66524	8	128699305	146264218	1949	0.83350133895874
DRAWS_p_Sty11_Mapping250K_Sty_A01_66524	9	36431	2491441	391	-1.15922546386719
DRAWS_p_Sty11_Mapping250K_Sty_A01_66524	9	2503406	2503589	2	-0.0327098965644836
DRAWS_p_Sty11_Mapping250K_Sty_A01_66524	9	2517900	11726245	1069	-1.11764276027679
DRAWS_p_Sty11_Mapping250K_Sty_A01_66524	9	11726515	11727404	2	-2.46418702602386
DRAWS_p_Sty11_Mapping250K_Sty_A01_66524	9	11729680	25380689	1298	-1.06582534313202
DRAWS_p_Sty11_Mapping250K_Sty_A01_66524	9	25381048	25381733	2	-2.83508741855621
DRAWS_p_Sty11_Mapping250K_Sty_A01_66524	9	25383631	28442237	334	-1.07615280151367
DRAWS_p_Sty11_Mapping250K_Sty_A01_66524	9	28577774	30504590	135	0.60620903968811
DRAWS_p_Sty11_Mapping250K_Sty_A01_66524	9	30521968	38728620	823	-0.0334715843200684
DRAWS_p_Sty11_Mapping250K_Sty_A01_66524	9	38732421	89146386	1711	-0.175381064414978
DRAWS_p_Sty11_Mapping250K_Sty_A01_66524	9	89149421	89151919	3	1.10965275764465
DRAWS_p_Sty11_Mapping250K_Sty_A01_66524	9	89156787	128777091	4180	-0.193245500326157
DRAWS_p_Sty11_Mapping250K_Sty_A01_66524	9	128781862	140207187	968	-0.269544064998627
DRAWS_p_Sty11_Mapping250K_Sty_A01_66524	10	101955	3295354	448	0.416626930236816
DRAWS_p_Sty11_Mapping250K_Sty_A01_66524	10	3295411	24282209	2500	0.638773739337921
DRAWS_p_Sty11_Mapping250K_Sty_A01_66524	10	24284067	29594390	561	0.792359948158264
DRAWS_p_Sty11_Mapping250K_Sty_A01_66524	10	29597965	53254240	1868	0.381297051906586
DRAWS_p_Sty11_Mapping250K_Sty_A01_66524	10	53261018	53261240	2	-0.34668043255806
DRAWS_p_Sty11_Mapping250K_Sty_A01_66524	10	53297578	65321110	1097	0.499159693717957
DRAWS_p_Sty11_Mapping250K_Sty_A01_66524	10	65326982	88723130	2437	-0.156082093715668
DRAWS_p_Sty11_Mapping250K_Sty_A01_66524	10	88758233	94495401	484	-0.048237144947052
DRAWS_p_Sty11_Mapping250K_Sty_A01_66524	10	94496718	132435221	4488	-0.149291574954987
DRAWS_p_Sty11_Mapping250K_Sty_A01_66524	10	132437174	132437952	3	-1.45414984226227
DRAWS_p_Sty11_Mapping250K_Sty_A01_66524	10	132439197	135284541	332	-0.205313503742218
DRAWS_p_Sty11_Mapping250K_Sty_A01_66524	11	196767	4795544	367	-0.177970170974731
DRAWS_p_Sty11_Mapping250K_Sty_A01_66524	11	4808740	10496919	687	0.449439525604248
DRAWS_p_Sty11_Mapping250K_Sty_A01_66524	11	10503750	11264487	154	-0.101615220308304
DRAWS_p_Sty11_Mapping250K_Sty_A01_66524	11	11267795	12297081	247	0.425867676734924
DRAWS_p_Sty11_Mapping250K_Sty_A01_66524	11	12328153	27766800	1669	-0.112346589565277
DRAWS_p_Sty11_Mapping250K_Sty_A01_66524	11	27778508	29778671	123	0.499193429946899
DRAWS_p_Sty11_Mapping250K_Sty_A01_66524	11	29799247	36546198	831	-0.0994870066642761
DRAWS_p_Sty11_Mapping250K_Sty_A01_66524	11	36574821	39257588	187	0.544709086418152
DRAWS_p_Sty11_Mapping250K_Sty_A01_66524	11	39265865	45522669	666	-0.089158833026886
DRAWS_p_Sty11_Mapping250K_Sty_A01_66524	11	45530019	48203033	177	0.449142098426819
DRAWS_p_Sty11_Mapping250K_Sty_A01_66524	11	48215183	48394513	9	-0.0877991914749146
DRAWS_p_Sty11_Mapping250K_Sty_A01_66524	11	48419662	49938206	47	0.536688327789307
DRAWS_p_Sty11_Mapping250K_Sty_A01_66524	11	50023474	59439561	452	0.181136250495911
DRAWS_p_Sty11_Mapping250K_Sty_A01_66524	11	59488463	59786525	25	0.798672676086426
DRAWS_p_Sty11_Mapping250K_Sty_A01_66524	11	59794143	61896645	237	-0.181178331375122
DRAWS_p_Sty11_Mapping250K_Sty_A01_66524	11	61913994	62050398	17	0.333400249481201
DRAWS_p_Sty11_Mapping250K_Sty_A01_66524	11	62222652	65128180	173	-0.20524650812149
DRAWS_p_Sty11_Mapping250K_Sty_A01_66524	11	65175940	67177843	105	0.0750681161880493
DRAWS_p_Sty11_Mapping250K_Sty_A01_66524	11	67178655	68609609	77	-0.213073074817657
DRAWS_p_Sty11_Mapping250K_Sty_A01_66524	11	68628024	70072584	156	1.456622838974
DRAWS_p_Sty11_Mapping250K_Sty_A01_66524	11	70080859	74007856	296	-0.166263252496719
DRAWS_p_Sty11_Mapping250K_Sty_A01_66524	11	74035012	78009178	333	0.487268924713135
DRAWS_p_Sty11_Mapping250K_Sty_A01_66524	11	78034979	80134843	299	-0.118693709373474
DRAWS_p_Sty11_Mapping250K_Sty_A01_66524	11	80135129	97765783	1487	-0.537187218666077
DRAWS_p_Sty11_Mapping250K_Sty_A01_66524	11	97769874	97769874	1	-2.16008472442627
DRAWS_p_Sty11_Mapping250K_Sty_A01_66524	11	97775478	120571334	2482	-0.605890303850174
DRAWS_p_Sty11_Mapping250K_Sty_A01_66524	11	120593368	120845443	37	-0.1387979388237
DRAWS_p_Sty11_Mapping250K_Sty_A01_66524	11	120864475	132939635	1438	-0.615471214056015
DRAWS_p_Sty11_Mapping250K_Sty_A01_66524	11	132941387	134449982	184	-1.51545190811157
DRAWS_p_Sty11_Mapping250K_Sty_A01_66524	12	36594	9186941	1060	-0.281267523765564
DRAWS_p_Sty11_Mapping250K_Sty_A01_66524	12	9198262	54935044	3907	-0.194095492362976
DRAWS_p_Sty11_Mapping250K_Sty_A01_66524	12	54953565	59802379	318	0.609669923782349
DRAWS_p_Sty11_Mapping250K_Sty_A01_66524	12	59802394	64377150	344	-0.160239547491074
DRAWS_p_Sty11_Mapping250K_Sty_A01_66524	12	64395230	66532700	207	1.58923768997192
DRAWS_p_Sty11_Mapping250K_Sty_A01_66524	12	66543553	68442318	227	1.08718514442444
DRAWS_p_Sty11_Mapping250K_Sty_A01_66524	12	68467694	68547125	7	-0.361369967460632
DRAWS_p_Sty11_Mapping250K_Sty_A01_66524	12	68551936	70653922	201	1.05926609039307
DRAWS_p_Sty11_Mapping250K_Sty_A01_66524	12	70664866	71101177	33	1.56463003158569
DRAWS_p_Sty11_Mapping250K_Sty_A01_66524	12	71265336	79594907	505	-0.0565354824066162
DRAWS_p_Sty11_Mapping250K_Sty_A01_66524	12	79635787	117438899	3479	-0.167455494403839
DRAWS_p_Sty11_Mapping250K_Sty_A01_66524	12	117441092	117441134	2	-2.442746758461
DRAWS_p_Sty11_Mapping250K_Sty_A01_66524	12	117456081	120034006	266	-0.231501817703247
DRAWS_p_Sty11_Mapping250K_Sty_A01_66524	12	120036087	120036475	2	-1.27982795238495
DRAWS_p_Sty11_Mapping250K_Sty_A01_66524	12	120038561	124943662	411	-0.212766945362091
DRAWS_p_Sty11_Mapping250K_Sty_A01_66524	12	124944391	132269467	921	0.0682766437530518
DRAWS_p_Sty11_Mapping250K_Sty_A01_66524	13	18097312	23309066	478	-0.25578761100769
DRAWS_p_Sty11_Mapping250K_Sty_A01_66524	13	23321240	24495837	138	0.16120320558548
DRAWS_p_Sty11_Mapping250K_Sty_A01_66524	13	24496118	28349572	480	0.305070817470551
DRAWS_p_Sty11_Mapping250K_Sty_A01_66524	13	28365098	96778959	5240	-0.526717573404312
DRAWS_p_Sty11_Mapping250K_Sty_A01_66524	13	96817037	97136396	21	-1.28458106517792
DRAWS_p_Sty11_Mapping250K_Sty_A01_66524	13	97137746	97946087	107	-0.593526780605316
DRAWS_p_Sty11_Mapping250K_Sty_A01_66524	13	97963138	108338223	1012	0.422357320785522
DRAWS_p_Sty11_Mapping250K_Sty_A01_66524	13	108340213	109862418	194	0.6340491771698
DRAWS_p_Sty11_Mapping250K_Sty_A01_66524	13	109869267	114063831	397	-0.121513545513153
DRAWS_p_Sty11_Mapping250K_Sty_A01_66524	14	19272965	20123097	81	0.0241061449050903
DRAWS_p_Sty11_Mapping250K_Sty_A01_66524	14	20130127	20788579	81	0.389877915382385
DRAWS_p_Sty11_Mapping250K_Sty_A01_66524	14	20788758	69791013	3926	0.0846316814422607
DRAWS_p_Sty11_Mapping250K_Sty_A01_66524	14	69797847	78504446	974	0.0267453193664551
DRAWS_p_Sty11_Mapping250K_Sty_A01_66524	14	78540896	85964760	530	0.111684739589691
DRAWS_p_Sty11_Mapping250K_Sty_A01_66524	14	85999269	90644374	373	-0.0120203495025635
DRAWS_p_Sty11_Mapping250K_Sty_A01_66524	14	90659540	91004134	34	0.431233048439026
DRAWS_p_Sty11_Mapping250K_Sty_A01_66524	14	91042449	103736574	1453	-0.0084049105644226
DRAWS_p_Sty11_Mapping250K_Sty_A01_66524	14	103780258	106318151	84	0.952970504760742
DRAWS_p_Sty11_Mapping250K_Sty_A01_66524	15	18446422	27212532	488	0.0247912406921387
DRAWS_p_Sty11_Mapping250K_Sty_A01_66524	15	27230559	27230606	2	-1.07494387030602
DRAWS_p_Sty11_Mapping250K_Sty_A01_66524	15	27230795	54827519	2314	0.103328049182892
DRAWS_p_Sty11_Mapping250K_Sty_A01_66524	15	54864850	63142024	956	0.558050632476807
DRAWS_p_Sty11_Mapping250K_Sty_A01_66524	15	63142521	65060001	171	0.252157688140869
DRAWS_p_Sty11_Mapping250K_Sty_A01_66524	15	65060936	65064814	4	-0.749582946300507
DRAWS_p_Sty11_Mapping250K_Sty_A01_66524	15	65067194	70052464	515	0.308763265609741
DRAWS_p_Sty11_Mapping250K_Sty_A01_66524	15	70081452	70437353	28	0.721655488014221
DRAWS_p_Sty11_Mapping250K_Sty_A01_66524	15	70442355	83855494	1053	0.271230340003967
DRAWS_p_Sty11_Mapping250K_Sty_A01_66524	15	83864137	83947759	16	-0.62038454413414
DRAWS_p_Sty11_Mapping250K_Sty_A01_66524	15	83993233	100210760	1791	0.2828449010849
DRAWS_p_Sty11_Mapping250K_Sty_A01_66524	16	26671	3055629	159	0.00121140480041504
DRAWS_p_Sty11_Mapping250K_Sty_A01_66524	16	3074755	13272860	1708	0.138995945453644
DRAWS_p_Sty11_Mapping250K_Sty_A01_66524	16	13275290	24390965	844	0.331606149673462
DRAWS_p_Sty11_Mapping250K_Sty_A01_66524	16	24414624	24429594	3	-0.531535267829895
DRAWS_p_Sty11_Mapping250K_Sty_A01_66524	16	24435051	33371617	519	0.326117992401123
DRAWS_p_Sty11_Mapping250K_Sty_A01_66524	16	34067025	88684276	5052	-0.174204051494598
DRAWS_p_Sty11_Mapping250K_Sty_A01_66524	17	6888	22069633	1870	0.0877406001091003
DRAWS_p_Sty11_Mapping250K_Sty_A01_66524	17	22367498	29671657	558	-0.275333166122437
DRAWS_p_Sty11_Mapping250K_Sty_A01_66524	17	29710119	30169256	109	0.322427749633789
DRAWS_p_Sty11_Mapping250K_Sty_A01_66524	17	30204075	31301319	79	0.0431349277496338
DRAWS_p_Sty11_Mapping250K_Sty_A01_66524	17	31315701	31496575	37	0.406570792198181
DRAWS_p_Sty11_Mapping250K_Sty_A01_66524	17	31895171	34970903	194	-0.708271473646164
DRAWS_p_Sty11_Mapping250K_Sty_A01_66524	17	34999505	35229995	5	-0.044094443321228
DRAWS_p_Sty11_Mapping250K_Sty_A01_66524	17	35236409	38782474	278	-0.721256017684937
DRAWS_p_Sty11_Mapping250K_Sty_A01_66524	17	38800671	39985263	79	-0.00444710254669189
DRAWS_p_Sty11_Mapping250K_Sty_A01_66524	17	39987396	40043459	7	-0.78183901309967
DRAWS_p_Sty11_Mapping250K_Sty_A01_66524	17	40043487	41500036	163	0.0309463739395142
DRAWS_p_Sty11_Mapping250K_Sty_A01_66524	17	41500209	41711411	34	0.508237421512604
DRAWS_p_Sty11_Mapping250K_Sty_A01_66524	17	42151961	43302052	90	0.146466076374054
DRAWS_p_Sty11_Mapping250K_Sty_A01_66524	17	43308032	43502806	21	0.884212970733643
DRAWS_p_Sty11_Mapping250K_Sty_A01_66524	17	43504251	43504251	1	-3.24905204772949
DRAWS_p_Sty11_Mapping250K_Sty_A01_66524	17	43542564	50542495	565	0.112213611602783
DRAWS_p_Sty11_Mapping250K_Sty_A01_66524	17	50551131	50551290	2	-4.52683186531067
DRAWS_p_Sty11_Mapping250K_Sty_A01_66524	17	50590973	51020912	40	0.0877805352210999
DRAWS_p_Sty11_Mapping250K_Sty_A01_66524	17	51041857	53175939	295	0.542948961257935
DRAWS_p_Sty11_Mapping250K_Sty_A01_66524	17	53179948	53180117	2	-0.94772294163704
DRAWS_p_Sty11_Mapping250K_Sty_A01_66524	17	53180469	53180824	3	1.27663159370422
DRAWS_p_Sty11_Mapping250K_Sty_A01_66524	17	53190622	54937010	112	0.5036581158638
DRAWS_p_Sty11_Mapping250K_Sty_A01_66524	17	54953910	62473078	481	-0.242946982383728
DRAWS_p_Sty11_Mapping250K_Sty_A01_66524	17	62539449	68424112	556	0.544009327888489
DRAWS_p_Sty11_Mapping250K_Sty_A01_66524	17	68432875	74749078	595	0.41073203086853
DRAWS_p_Sty11_Mapping250K_Sty_A01_66524	17	74757811	74757985	2	-0.719402492046356
DRAWS_p_Sty11_Mapping250K_Sty_A01_66524	17	74774728	78605474	245	0.421860694885254
DRAWS_p_Sty11_Mapping250K_Sty_A01_66524	18	150887	263216	8	0.117196321487427
DRAWS_p_Sty11_Mapping250K_Sty_A01_66524	18	293389	1043718	96	0.74342030286789
DRAWS_p_Sty11_Mapping250K_Sty_A01_66524	18	1068451	1094007	6	-0.174141645431519
DRAWS_p_Sty11_Mapping250K_Sty_A01_66524	18	1166216	8315443	670	0.874711990356445
DRAWS_p_Sty11_Mapping250K_Sty_A01_66524	18	8331170	11685992	444	1.12527322769165
DRAWS_p_Sty11_Mapping250K_Sty_A01_66524	18	11719342	14893450	229	0.101688265800476
DRAWS_p_Sty11_Mapping250K_Sty_A01_66524	18	14907873	19132061	150	-0.187243700027466
DRAWS_p_Sty11_Mapping250K_Sty_A01_66524	18	19144716	20099644	91	0.800463676452637
DRAWS_p_Sty11_Mapping250K_Sty_A01_66524	18	20122255	35983775	1245	-0.138904273509979
DRAWS_p_Sty11_Mapping250K_Sty_A01_66524	18	35991847	45013858	870	0.139776825904846
DRAWS_p_Sty11_Mapping250K_Sty_A01_66524	18	45024184	45675973	71	-0.214677929878235
DRAWS_p_Sty11_Mapping250K_Sty_A01_66524	18	45679112	45690879	2	-1.41574466228485
DRAWS_p_Sty11_Mapping250K_Sty_A01_66524	18	45714083	53286671	806	-0.196335792541504
DRAWS_p_Sty11_Mapping250K_Sty_A01_66524	18	53286756	55114722	237	0.0949366092681885
DRAWS_p_Sty11_Mapping250K_Sty_A01_66524	18	55114747	57407424	214	-0.177285730838776
DRAWS_p_Sty11_Mapping250K_Sty_A01_66524	18	57412153	76104900	1593	0.534708023071289
DRAWS_p_Sty11_Mapping250K_Sty_A01_66524	19	228776	14657884	799	-0.231788992881775
DRAWS_p_Sty11_Mapping250K_Sty_A01_66524	19	14667659	14846805	9	1.81816291809082
DRAWS_p_Sty11_Mapping250K_Sty_A01_66524	19	14848134	14858418	3	2.38350749015808
DRAWS_p_Sty11_Mapping250K_Sty_A01_66524	19	14858907	14899939	4	1.61411070823669
DRAWS_p_Sty11_Mapping250K_Sty_A01_66524	19	14926564	14971227	6	2.40150392055511
DRAWS_p_Sty11_Mapping250K_Sty_A01_66524	19	14973408	14982307	2	1.05800914764404
DRAWS_p_Sty11_Mapping250K_Sty_A01_66524	19	15020981	15053850	3	2.07882523536682
DRAWS_p_Sty11_Mapping250K_Sty_A01_66524	19	15059764	15059764	1	1.07459020614624
DRAWS_p_Sty11_Mapping250K_Sty_A01_66524	19	15062863	15655769	72	1.80857062339783
DRAWS_p_Sty11_Mapping250K_Sty_A01_66524	19	15660276	17043017	103	0.338631629943848
DRAWS_p_Sty11_Mapping250K_Sty_A01_66524	19	17050468	20103274	164	0.0978350639343262
DRAWS_p_Sty11_Mapping250K_Sty_A01_66524	19	20152078	20402872	6	0.921618223190308
DRAWS_p_Sty11_Mapping250K_Sty_A01_66524	19	20492497	23551431	185	-0.24528044462204
DRAWS_p_Sty11_Mapping250K_Sty_A01_66524	19	23605608	23959928	29	0.350145816802979
DRAWS_p_Sty11_Mapping250K_Sty_A01_66524	19	23960398	37516150	576	-0.0193681418895721
DRAWS_p_Sty11_Mapping250K_Sty_A01_66524	19	37526387	37539168	2	-0.838793992996216
DRAWS_p_Sty11_Mapping250K_Sty_A01_66524	19	37585455	63785051	1740	0.0402703285217285
DRAWS_p_Sty11_Mapping250K_Sty_A01_66524	20	95685	6179883	816	0.363118231296539
DRAWS_p_Sty11_Mapping250K_Sty_A01_66524	20	6180334	29628788	2363	0.582942247390747
DRAWS_p_Sty11_Mapping250K_Sty_A01_66524	20	29642688	32237470	216	1.16775560379028
DRAWS_p_Sty11_Mapping250K_Sty_A01_66524	20	32255181	37387026	373	0.716938376426697
DRAWS_p_Sty11_Mapping250K_Sty_A01_66524	20	37421868	62374173	2793	0.0518455505371094
DRAWS_p_Sty11_Mapping250K_Sty_A01_66524	21	9941889	13749569	9	0.105767846107483
DRAWS_p_Sty11_Mapping250K_Sty_A01_66524	21	13771499	16121160	177	1.22766733169556
DRAWS_p_Sty11_Mapping250K_Sty_A01_66524	21	16248572	16937913	26	0.291057229042053
DRAWS_p_Sty11_Mapping250K_Sty_A01_66524	21	16968103	16971411	2	1.3035581111908
DRAWS_p_Sty11_Mapping250K_Sty_A01_66524	21	16996833	17766245	32	0.227762877941132
DRAWS_p_Sty11_Mapping250K_Sty_A01_66524	21	17826663	18310284	37	1.14234161376953
DRAWS_p_Sty11_Mapping250K_Sty_A01_66524	21	18311184	18879824	59	0.315930128097534
DRAWS_p_Sty11_Mapping250K_Sty_A01_66524	21	18884332	26919542	577	0.0184484720230103
DRAWS_p_Sty11_Mapping250K_Sty_A01_66524	21	26982894	32236529	487	-0.385501980781555
DRAWS_p_Sty11_Mapping250K_Sty_A01_66524	21	32244815	32841168	82	0.72572273015976
DRAWS_p_Sty11_Mapping250K_Sty_A01_66524	21	32870244	34999614	227	0.32584285736084
DRAWS_p_Sty11_Mapping250K_Sty_A01_66524	21	35022364	35097947	14	-0.675032496452332
DRAWS_p_Sty11_Mapping250K_Sty_A01_66524	21	35129932	35163799	4	-3.40186178684235
DRAWS_p_Sty11_Mapping250K_Sty_A01_66524	21	35167106	41045971	796	-0.181546777486801
DRAWS_p_Sty11_Mapping250K_Sty_A01_66524	21	41054698	41352379	35	1.05985546112061
DRAWS_p_Sty11_Mapping250K_Sty_A01_66524	21	41356060	42090606	106	-0.132711291313171
DRAWS_p_Sty11_Mapping250K_Sty_A01_66524	21	42146473	42386269	41	0.887044191360474
DRAWS_p_Sty11_Mapping250K_Sty_A01_66524	21	42386549	44303483	209	0.0512504577636719
DRAWS_p_Sty11_Mapping250K_Sty_A01_66524	21	44316476	46351936	201	1.00282335281372
DRAWS_p_Sty11_Mapping250K_Sty_A01_66524	21	46360594	46902240	68	0.0871445536613464
DRAWS_p_Sty11_Mapping250K_Sty_A01_66524	22	14433758	44999080	3083	0.457890510559082
DRAWS_p_Sty11_Mapping250K_Sty_A01_66524	22	45015918	49576671	604	0.382534921169281
DRAWS_p_Sty11_Mapping250K_Sty_A01_66524	23	18654	2614674	147	-1.40082454681396
DRAWS_p_Sty11_Mapping250K_Sty_A01_66524	23	2618640	2618640	1	0.181643009185791
DRAWS_p_Sty11_Mapping250K_Sty_A01_66524	23	2624082	2687162	14	-1.62897258996964
DRAWS_p_Sty11_Mapping250K_Sty_A01_66524	23	2687850	2687850	1	0.929840803146362
DRAWS_p_Sty11_Mapping250K_Sty_A01_66524	23	2689949	44608519	1678	-0.890627950429916
DRAWS_p_Sty11_Mapping250K_Sty_A01_66524	23	44670850	47351822	78	-0.133829355239868
DRAWS_p_Sty11_Mapping250K_Sty_A01_66524	23	47468937	57390246	195	-0.94714891910553
DRAWS_p_Sty11_Mapping250K_Sty_A01_66524	23	57543114	72960542	268	0.357587873935699
DRAWS_p_Sty11_Mapping250K_Sty_A01_66524	23	72963282	99965419	547	0.982220888137817
DRAWS_p_Sty11_Mapping250K_Sty_A01_66524	23	100049632	114981430	429	0.271804809570312
DRAWS_p_Sty11_Mapping250K_Sty_A01_66524	23	115001635	116906368	84	0.89012610912323
DRAWS_p_Sty11_Mapping250K_Sty_A01_66524	23	116907577	117895470	39	1.40506720542908
DRAWS_p_Sty11_Mapping250K_Sty_A01_66524	23	117905079	138563238	723	0.901156187057495
DRAWS_p_Sty11_Mapping250K_Sty_A01_66524	23	138675715	138973411	13	-0.46988445520401
DRAWS_p_Sty11_Mapping250K_Sty_A01_66524	23	139092884	151981014	539	0.248068690299988
DRAWS_p_Sty11_Mapping250K_Sty_A01_66524	23	152094405	152385468	12	1.02803778648376
DRAWS_p_Sty11_Mapping250K_Sty_A01_66524	23	152434830	154569169	52	0.562335848808289
